COSMOS 2425 (716)       
1 29670U 06062A   20362.30215986  .00000021  00000+0  00000+0 0  9996
2 29670  64.8925 261.2691 0024505 346.4828 209.2057  2.13107766109006
COSMOS 2433 (720)       
1 32275U 07052A   20362.54013037 -.00000033  00000+0  00000+0 0  9994
2 32275  66.0308  22.4976 0005331 249.4262 308.9970  2.13104234102521
COSMOS 2432 (719)       
1 32276U 07052B   20363.21799484 -.00000031  00000+0  00000+0 0  9995
2 32276  66.0433  22.5686 0010726 315.4882 352.6572  2.13103480102533
COSMOS 2434 (721)       
1 32393U 07065A   20362.20737059  .00000023  00000+0  00000+0 0  9997
2 32393  64.5100 259.8095 0002800  72.2586 118.8177  2.13103022101229
COSMOS 2436 (723)       
1 32395U 07065C   20362.43093385  .00000026  00000+0  00000+0 0  9994
2 32395  64.5194 259.8533 0015590 359.3166 139.4390  2.13102890101165
COSMOS 2456 (730)       
1 36111U 09070A   20362.19702199  .00000036  00000+0  00000+0 0  9996
2 36111  64.2519 139.4888 0002177 349.6739   6.3022  2.13099156 85888
COSMOS 2457 (733)       
1 36112U 09070B   20362.50397041  .00000035  00000+0  00000+0 0  9997
2 36112  64.2335 139.3674 0006760 148.5794 205.8749  2.13101403 85898
COSMOS 2459 (731)       
1 36400U 10007A   20362.47281461 -.00000034  00000+0  00000+0 0  9993
2 36400  65.9296  21.4469 0024945 343.5552  19.2585  2.13105011 84241
COSMOS 2461 (735)       
1 36401U 10007B   20362.47341250 -.00000034  00000+0  00000+0 0  9997
2 36401  65.9246  21.4115 0018974 359.6021   5.7771  2.13103630 84252
COSMOS 2460 (732)       
1 36402U 10007C   20362.80399025 -.00000033  00000+0  00000+0 0  9997
2 36402  65.9113  21.3608 0002539 256.7681 305.3101  2.13106550 84251
COSMOS 2464 (736)       
1 37139U 10041C   20363.06965551  .00000034  00000+0  00000+0 0  9995
2 37139  64.1090 259.1234 0028426  10.6642 344.1122  2.13100974 80318
COSMOS 2471 (701K)      
1 37372U 11009A   20362.79345340 -.00000033  00000+0  00000+0 0  9996
2 37372  65.9105  21.3009 0010819 231.0294 126.4282  2.13107389 76524
COSMOS 2476 (744)       
1 37867U 11064A   20362.67888449  .00000037  00000+0  00000+0 0  9998
2 37867  64.5491 140.6175 0018746 231.8064  34.6792  2.13101840 71241
COSMOS 2477 (745)       
1 37868U 11064B   20362.54233306  .00000038  00000+0  00000+0 0  9992
2 37868  64.5570 140.6810 0016097 232.1727 107.9767  2.13101659 71191
COSMOS 2475 (743)       
1 37869U 11064C   20362.48080955  .00000038  00000+0  00000+0 0  9996
2 37869  64.5645 140.6863 0019649 255.9557 354.5659  2.13101824 71209
COSMOS 2485 (747)       
1 39155U 13019A   20362.31290193  .00000039  00000+0  00000+0 0  9998
2 39155  64.7160 140.9417 0019485 227.4885 162.7650  2.13101850 59718
COSMOS 2492 (754)       
1 39620U 14012A   20363.08929853 -.00000032  00000+0  00000+0 0  9990
2 39620  65.8009  21.1065 0014203 314.7562 346.0494  2.13103200 52675
COSMOS 2500 (755)       
1 40001U 14032A   20362.53077015 -.00000034  00000+0  00000+0 0  9992
2 40001  65.7426  21.0270 0008210 216.8855 235.4807  2.13102404 50882
COSMOS 2501 (702K)      
1 40315U 14075A   20362.41827993  .00000025  00000+0  00000+0 0  9991
2 40315  63.8241 260.0176 0016299 212.2465 319.5814  2.13101287 47287
COSMOS 2514 (751)       
1 41330U 16008A   20362.42792475 -.00000035  00000+0  00000+0 0  9996
2 41330  65.5439  20.8547 0011925 222.4088 333.8755  2.13102897 38047
COSMOS 2516 (753)       
1 41554U 16032A   20363.15824333  .00000033  00000+0  00000+0 0  9998
2 41554  64.0482 260.1169 0012654 221.9629  66.1957  2.13104653 35668
COSMOS 2522 (752)       
1 42939U 17055A   20362.28081273  .00000023  00000+0  00000+0 0  9992
2 42939  64.2809 260.3854 0006928 255.1184 306.1222  2.13102125 25401
COSMOS 2527 (756)       
1 43508U 18053A   20362.74708723  .00000038  00000+0  00000+0 0  9997
2 43508  64.8797 140.8148 0006536 213.8613  17.0702  2.13102547 19702
COSMOS 2529 (757)       
1 43687U 18086A   20362.95106998  .00000030  00000+0  00000+0 0  9992
2 43687  64.4953 260.5336 0009989 277.0148  33.9974  2.13102063 16729
COSMOS 2534 (758)       
1 44299U 19030A   20362.55315249  .00000026  00000+0  00000+0 0  9994
2 44299  64.5654 260.3820 0013351 293.8534 206.8223  2.13101868 12363
COSMOS 2544 (759)       
1 44850U 19088A   20362.68358369  .00000038  00000+0  00000+0 0  9997
2 44850  64.8642 140.6807 0009591 258.2939 327.8250  2.13102288  8148
COSMOS 2545 (760)       
1 45358U 20018A   20362.23435304 -.00000038  00000+0  00000+0 0  9993
2 45358  64.8730  21.9139 0011500 250.5167 201.2000  2.13102665  6088
