COSMOS 2425 (716)       
1 29670U 06062A   20361.35736277  .00000009  00000+0  00000+0 0  9997
2 29670  64.8928 261.3010 0024500 346.3543 204.4994  2.13107771108982
COSMOS 2433 (720)       
1 32275U 07052A   20362.20817978 -.00000034  00000+0  00000+0 0  9994
2 32275  66.0307  22.5087 0005323 249.3035  54.4574  2.13104228102517
COSMOS 2432 (719)       
1 32276U 07052B   20361.80330274 -.00000036  00000+0  00000+0 0  9991
2 32276  66.0431  22.6158 0010699 315.5177 347.3251  2.13103476102500
COSMOS 2434 (721)       
1 32393U 07065A   20361.31309976  .00000011  00000+0  00000+0 0  9998
2 32393  64.5102 259.8400 0002719  71.7732 153.2467  2.13103033101202
COSMOS 2436 (723)       
1 32395U 07065C   20362.14890273  .00000022  00000+0  00000+0 0  9999
2 32395  64.5196 259.8628 0015569 359.2456 283.1442  2.13102890101153
COSMOS 2456 (730)       
1 36111U 09070A   20361.76201155  .00000038  00000+0  00000+0 0  9996
2 36111  64.2519 139.5037 0002183 349.9056  32.3489  2.13099150 85887
COSMOS 2457 (733)       
1 36112U 09070B   20361.52976642  .00000039  00000+0  00000+0 0  9992
2 36112  64.2333 139.4008 0006765 148.3978 178.6813  2.13101404 85873
COSMOS 2459 (731)       
1 36400U 10007A   20361.73417477 -.00000036  00000+0  00000+0 0  9991
2 36400  65.9295  21.4714 0024929 343.5684 172.5821  2.13105006 84229
COSMOS 2461 (735)       
1 36401U 10007B   20361.73030325 -.00000036  00000+0  00000+0 0  9995
2 36401  65.9244  21.4362 0018954 359.6414 155.6492  2.13103617 84236
COSMOS 2460 (732)       
1 36402U 10007C   20361.74935647 -.00000036  00000+0  00000+0 0  9998
2 36402  65.9118  21.3953 0002519 259.2003 213.7902  2.13106699 84236
COSMOS 2464 (736)       
1 37139U 10041C   20362.01537700  .00000022  00000+0  00000+0 0  9997
2 37139  64.1097 259.1588 0028153   9.6224 256.3502  2.13100718 80297
COSMOS 2471 (701K)      
1 37372U 11009A   20361.62167832 -.00000037  00000+0  00000+0 0  9999
2 37372  65.9102  21.3401 0010811 230.8515 307.6433  2.13107371 76502
COSMOS 2476 (744)       
1 37867U 11064A   20361.73235456  .00000041  00000+0  00000+0 0  9993
2 37867  64.5487 140.6496 0018685 231.7451  28.5943  2.13101830 71220
COSMOS 2477 (745)       
1 37868U 11064B   20361.62427606  .00000042  00000+0  00000+0 0  9993
2 37868  64.5570 140.7122 0016088 232.1295 123.7186  2.13101658 71176
COSMOS 2475 (743)       
1 37869U 11064C   20362.00470635  .00000040  00000+0  00000+0 0  9995
2 37869  64.5645 140.7025 0019647 255.9573 349.3144  2.13101824 71195
COSMOS 2485 (747)       
1 39155U 13019A   20361.80436799  .00000042  00000+0  00000+0 0  9999
2 39155  64.7158 140.9588 0019463 227.4516 132.6720  2.13101840 59703
COSMOS 2492 (754)       
1 39620U 14012A   20361.92823868 -.00000036  00000+0  00000+0 0  9994
2 39620  65.8007  21.1455 0014163 314.7875 175.2937  2.13103197 52655
COSMOS 2500 (755)       
1 40001U 14032A   20361.51489307 -.00000038  00000+0  00000+0 0  9994
2 40001  65.7413  21.0602 0008080 219.1592 173.8667  2.13102602 50863
COSMOS 2501 (702K)      
1 40315U 14075A   20361.53747638  .00000014  00000+0  00000+0 0  9998
2 40315  63.8245 260.0485 0016316 212.2778   3.8280  2.13101289 47261
COSMOS 2514 (751)       
1 41330U 16008A   20362.13713189 -.00000036  00000+0  00000+0 0  9990
2 41330  65.5437  20.8645 0011953 222.3532 110.8450  2.13102896 38031
COSMOS 2516 (753)       
1 41554U 16032A   20361.74528699  .00000016  00000+0  00000+0 0  9998
2 41554  64.0490 260.1663 0012681 222.1512  62.0197  2.13104650 35635
COSMOS 2522 (752)       
1 42939U 17055A   20361.96232778  .00000019  00000+0  00000+0 0  9999
2 42939  64.2810 260.3964 0006928 255.1549  61.7541  2.13102114 25394
COSMOS 2527 (756)       
1 43508U 18053A   20361.55143238  .00000043  00000+0  00000+0 0  9995
2 43508  64.8795 140.8548 0006529 213.7289 179.9355  2.13102550 19687
COSMOS 2529 (757)       
1 43687U 18086A   20361.70583881  .00000015  00000+0  00000+0 0  9997
2 43687  64.4956 260.5763 0010081 276.9397 158.7731  2.13102055 16701
COSMOS 2534 (758)       
1 44299U 19030A   20361.66625596  .00000015  00000+0  00000+0 0  9992
2 44299  64.5659 260.4123 0013416 293.5752 246.7046  2.13101874 12347
COSMOS 2544 (759)       
1 44850U 19088A   20361.73755137  .00000042  00000+0  00000+0 0  9991
2 44850  64.8639 140.7122 0009579 258.2326 322.1221  2.13102288  8125
COSMOS 2545 (760)       
1 45358U 20018A   20361.79914115 -.00000039  00000+0  00000+0 0  9996
2 45358  64.8728  21.9289 0011494 250.4775 227.3591  2.13102654  6078
